980
245
385
527
62
75
733
388
947
772
574
852
959
584
836
732
933
904
829
71
349
304
62
736
862
156
109
754
178
17
796
609
4
304
911
711
981
914
237
603
865
121
786
612
685
626
671
812
874
818
948
640
423
926
81
224
610
163
477
844
171
165
984
403
961
847
332
320
204
903
451
960
636
281
242
919
870
958
380
700
732
307
963
217
662
183
179
441
658
338
404
594
240
384
5
663
974
254
926
246
15
831
124
601
221
184
307
760
33
3
954
347
19
566
285
634
883
14
559
67
397
545
194
3
260
228
802
162
149
779
739
810
961
511
514
38
786
144
696
727
227
535
341
392
99
658
977
785
127
129
546
327
280
515
373
825
771
740
142
393
832
597
582
520
480
668
160
337
670
626
808
327
767
162
297
419
502
123
707
333
442
640
255
718
275
793
122
118
514
309
666
1000
144
15
748
312
604
418
981
350
640
358
166
475
810
111
813
864
727
887
312
102
672
202
259
785
628
8
930
468
964
725
548
703
957
476
746
845
922
501
403
254
718
695
852
939
836
46
562
84
275
782
640
624
608
583
548
637
68
264
750
438
475
989
747
996
71
916
551
238
962
569
35
213
444
940
733
574
282
329
519
942
967
789
66
817
982
702
95
682
760
319
96
319
864
603
805
108
179
642
31
486
556
198
656
271
581
883
175
665
5
436
571
874
626
765
927
943
323
428
416
348
340
551
575
612
421
271
190
898
106
249
652
225
940
92
798
777
740
416
623
501
811
655
865
842
337
865
180
630
195
268
580
629
15
713
109
100
346
138
730
101
856
551
823
454
557
470
344
201
28
148
687
597
147
437
796
481
956
309
321
837
802
904
4
436
65
801
955
488
804
651
252
98
642
121
225
681
831
304
690
387
849
979
346
750
272
674
817
863
995
115
636
128
120
39
116
551
556
325
99
974
986
684
13
936
528
637
257
991
325
288
258
204
814
712
853
550
66
674
685
171
651
676
240
996
775
299
773
681
679
208
850
795
344
476
469
578
916
176
891
903
351
696
754
198
927
953
929
860
40
929
920
392
527
154
511
372
487
590
714
587
514
820
999
627
340
247
514
905
854
737
557
30
399
250
933
271
433
40
767
647
687
532
336
394
572
992
894
196
564
9
69
988
535
100
221
889
474
704
456
953
640
343
904
147
771
221
603
866
484
175
847
76
6
953
269
505
992
62
75
944
975
403
855
917
187
415
91
672
16
714
997
119
940
288
395
504
587
411
888
89
629
178
778
120
693
866
661
686
246
437
230
627
489
378
313
981
119
360
642
312
212
677
371
215
107
64
148
461
829
688
591
149
688
165
965
88
43
976
927
897
249
409
692
273
358
314
470
156
437
557
587
969
182
918
205
669
388
5
907
901
324
944
155
542
511
551
296
964
13
727
567
682
174
233
950
776
357
860
218
163
333
663
735
945
319
191
254
49
876
93
688
369
74
412
688
378
95
572
200
190
509
943
484
203
56
634
729
755
670
949
205
26
103
258
325
598
886
759
310
356
28
937
417
900
786
372
539
605
417
477
708
801
48
336
985
891
478
667
763
780
482
901
370
643
367
144
987
13
347
442
225
987
364
273
405
457
897
416
621
40
393
860
146
148
23
49
733
374
985
40
176
939
336
74
909
142
153
418
14
158
565
20
646
43
291
762
181
712
284
117
627
147
8
387
924
20
144
547
626
349
971
888
144
404
755
390
901
715
63
646
887
164
218
457
332
804
901
166
479
165
974
394
259
530
571
553
918
935
482
96
137
189
943
659
154
680
834
1
105
479
145
526
814
249
844
574
68
417
448
865
471
867
995
28
335
690
607
848
664
181
176
312
403
846
369
157
575
270
747
31
167
283
342
994
917
361
610
277
762
694
435
623
707
757
378
320
40
79
644
372
694
482
379
146
52
29
581
620
722
197
153
379
116
194
895
763
874
138
668
448
261
979
825
712
28
700
380
529
179
710
433
14
726
965
1
677
673
820
313
376
165
442
770
350
951
442
692
964
763
717
361
659
158
968
187
461
457
296
932
583
579
621
18
325
43
881
742
122
174
928
263
92
701
691
54
291
811
72
54
314
558
53
349
512
421
322
166
321
382
106
560
159
857
747
45
882
362
529
688
248
104
307
63
486
533
830
693
464
828
128
618
474
799
772
926
913
959
769
147
45
485
921
920
532
585
928
872
149
719
428
1
375
948
267
110
464
727
936
902
751
135
576
505
151
301
684
527
170
445
919
760
453
89
328
920
771
370
21
